 ****
 H
F0ss=0.5309794405
ZetaOverlap=1.2686410000
U=-0.4133181015
Beta=-0.3069665138
CoreKO=0.9416560451
GCore=0.0016794859,0.8557539975,3.3750716455
 ****
 C
F0ss=0.4900713060
F0sp=0.4236511293
F0pp=0.3644399818
F2pp=0.1978513158
G1sp=0.0790832954
ZetaOverlap=2.0475580000,1.7028410000
U=-1.8775102017,-1.4676915546
Beta=-0.5653970197,-0.2745883383
CoreKO=1.0202596926
GCore=0.0032154960,0.5881175790,2.5208171714
 ****

